FRAM IV. L=40m
P R r D G
50 0
9
0 0 0 0 0 0 0
0 3500 1800 0.2 0.5 0.91 0 
4 1431 0 0 0 1 -2 40
4.5 1431 -1443 0 0 1 0 0
85 1443 -1460 0 0 1 0
200 1460 -1462 0 0 1 0
330 1462 -1466 0 0 1 0
1225 1466 -1508 0 0 1 0
3800 1508 0 1.0 0 2.2 0

1500 3

21 
4 0 0 1 0
200 0 0 1 0
400 0 0 1 0
600 0 0 1 0
800 0 0 1 0
1000 0 0 1 0
1200 0 0 1 0
1400 0 0 1 0
1600 0 0 1 0
1800 0 0 1 0
2000 0 0 1 0
2200 0 0 1 0
2400 0 0 1 0
2600 0 0 1 0
2800 0 0 1 0
3000 0 0 1 0
3200 0 0 1 0
3400 0 0 1 0
3600 0 0 1 0
3800 0 0 1 0
3999 0 0 1 0

1400 -1400
2048 1 2048

0 100 101
10 1



