ARSRP J218. 6 deg. Basalt. L=50m
P R r D G
250 0
16
0 0 0 0 0 0 0
0 1544 -1524 0 0 1 0
175.0 1524. -1521 0 0 1 0
350   1521. -1510 0 0 1 0
650 1510 -1497 0 0 1 0
950 1497 -1495 0 0 1 0
1250 1495 -1497 0 0 1 0
1500 1497 -1498 0 0 1 0
1750 1498 -1500 0 0 1 0
2125 1500 -1504 0 0 1 0
2500 1504 -1510 0 0 1 0
2875 1510 -1516 0 0 1 0
3250 1516 -1523 0 0 1 0
3625 1523 -1530 0 0 1 0
3990 1530 0 0 0 1 0
4000 5200 2500   0.2 0.5 2.4 -2 50

1500 16

21 
1 0 0 1 0
200 0 0 1 0
400 0 0 1 0
600 0 0 1 0
800 0 0 1 0
1000 0 0 1 0
1200 0 0 1 0
1400 0 0 1 0
1600 0 0 1 0
1800 0 0 1 0
2000 0 0 1 0
2200 0 0 1 0
2400 0 0 1 0
2600 0 0 1 0
2800 0 0 1 0
3000 0 0 1 0
3200 0 0 1 0
3400 0 0 1 0
3600 0 0 1 0
3800 0 0 1 0
3999 0 0 1 0

1450 -1450
2048 1 2048

0 40 101
10 1



