Arctic SVP. Deep array
N J 1 R c  
200 300 11 0
8
0 0 0 0 0 0 0
0 -4 100 50 250 1000 0
3800 1508 0 1.0 0 2.2 0
4200 1508 -2506 0.5 0 2.9 0
4433 2506 -3503 0.5 0 2.9 0
4667 3503 -4500 0.5 0 2.9 0
4900 4500 -6000 0.4 0 2.9 0
5900 6000 0 0.2 0 2.9 0

16
110 0 0 1 0
113 0 0 1 0
116 0 0 1 0
119 0 0 1 0
122 0 0 1 0
125 0 0 1 0
128 0 0 1 0
131 0 0 1 0
134 0 0 1 0
137 0 0 1 0
140 0 0 1 0
143 0 0 1 0
146 0 0 1 0
149 0 0 1 0
152 0 0 1 0
155 0 0 1 0

0 65 0 0

50 250 0 130             		# source coordinates
2 4 49 51 3		# halocline depth
2 5 100 400 3			# thermocline depth

1425 1550
-1 1 1


