Arctic SVP
N J 1 R c  
200 300 1 0
8
0 0 0 0 0 0 0
0 -4 100 50 250 1000 0
3800 1508 0 1.0 0 2.2 0
4200 1508 -2506 0.5 0 2.9 0
4433 2506 -3503 0.5 0 2.9 0
4667 3503 -4500 0.5 0 2.9 0
4900 4500 -6000 0.4 0 2.9 0
5900 6000 0 0.2 0 2.9 0

16
10 0 0 1 0
13 0 0 1 0
16 0 0 1 0
19 0 0 1 0
22 0 0 1 0
25 0 0 1 0
28 0 0 1 0
31 0 0 1 0
34 0 0 1 0
37 0 0 1 0
40 0 0 1 0
43 0 0 1 0
46 0 0 1 0
49 0 0 1 0
52 0 0 1 0
55 0 0 1 0

0 65 0 0

50 250 0 130             		# source coordinates
2 4 45 55 3		# halocline depth
2 5 230 270 3			# thermocline depth

1425 1550
-1 1 1


