TC3. rho-cs. nl=50 dB, sl=120 dB.
N J 1 R c  
65 65 1 0
4
0 0 0 0 0 0 0
0 1500 0 0 0 1 0
150 2400 1120 1.2 2.24 1.03 0
208 3300 2100 0.066 0.08 2.3 0

15
50 -140 0 1 0
50 -130 0 1 0
50 -120 0 1 0
50 -110 0 1 0
50 -100 0 1 0
50 -90  0 1 0
50 -80 0 1 0
50 -70 0 1 0
50 -60 0 1 0
50 -50 0 1 0
50 -40 0 1 0
50 -30 0 1 0
50 -20 0 1 0
50 -10 0 1 0
50   0 0 1 0

0 50 0 0

50 0.5 0 120             		# source coordinates
4 6 1.0 3.0 11		                # subbottom density
4 3 1500 2500 11			# subbottom shear. speed

1400 1e8
512 1 480

