From marilyn Tue Oct 24 11:41:54 1989
From: Marilyn Staruch <marilyn>
To: henrik
Subject: telemail
Status: RO

cat >henrik.tel
read 19-20

Posted: Mon, Oct 23, 1989  12:04 PM EDT              Msg: CGIJ-4073-4435
From:   SACLANT.CENTER
To:     DYER.BAGGEROER
CC:     SACLANT.CENTER
Subj:   PLEASE REPLY TO ANN ATTNM. FERLA

ATTN. H. SCHMIDT
 
 
    #1          20-OCT-1989 18:35:03                                     NEWMAIL 
 
From:   CLUSTR::FERLA        
To:     OMNET 
Subj:   To: DYER.BAGGEROER, ATTN. H.SCHMIDT 
 
CRUST. ELASTIC. FREE SURFACE 
V H B Z J f O T 
10 0 
41 
0         0        0        0        0        0        0 
0      1500        0        0        0        1        0 
3465.0 1600      450        .545     .545     1.42     0 
3735.0 4300     2470        .136     .136     1.88     0 
3751.5 4353     2502        .136     .136     1.90     0  
3788.0 4406     2543        .136     .136     1.92     0 
3814.5 4459     2566        .136     .136     1.94     0 
3841.0 4512     2598        .136     .136     1.96     0 
3867.5 4565     2630        .136     .136     1.98     0 
3894.0 4618     2662        .136     .136     2.00     0 
3920.5 4671     2694        .136     .136     2.02     0 
 
Press RETURN for more... 
 
 
MAIL>  
 
    #1          20-OCT-1989 18:35:03                                     NEWMAIL 
 
3947.0 4724     2726        .136     .136     2.04     0 
}i3973.5 4777     2758        .136     .136     2.06     0 
4000.0 4830     2790        .136     .136     2.08     0 
4040.0 4881     2818        .136     .136     2.10     0 
4080.0 4932     2845        .136     .136     2.12     0 
4120.0 4983     2875        .136     .136     2.14     0 
4160.0 5033     2902        .136     .136     2.16     0 
4200.0 5084     2932        .136     .136     2.18     0 
4220.0 5110     2950        .136     .136     2.20     0 
4249.0 5166     2982        .136     .136     2.22     0 
4278.0 5222     3014        .136     .136     2.24     0 
4307.0 5278     3046        .136     .136     2.26     0 
4336.0 5334     3078        .136     .136     2.28     0 
4365.0 5390     3110        .136     .136     2.30     0 
4394.0 5445     3142        .136     .136     2.32     0 
4423.0 5502     3174        .136     .136     2.34     0 
4452.0 5558     3205        .136     .136     2.36     0 
4481.0 5614     3238        .136     .136     2.38     0 
U4510.0 5670     3270        .136     .136     2.40     0 
 
Press RETURN for more... 
 
 
MAIL>  
 
    #1          20-OCT-1989 18:35:03                                     NEWMAIL 
 
4530.0 5720     3300        .136     .136     2.41     0 
4550.0 5770     3330        .136     .136     2.43     0 
4570.0 5820     3360        .136     .136     2.44     0 
4590.0 5870     3390        .136     .136     2.45     0 
4610.0 5920     3420        .136     .136     2.48     0 
4648.0 5968     3448        .136     .136     2.51     0 
4704.0 6064     3504        .136     .136     2.55     0 
4760.0 6160     3560        .136     .136     2.59     0 
4830.0 6250     3610        .136     .136     2.63     0 
4900.0 6340     3660        .136     .136     2.67     0 
4970.0 6430     3710        .136     .136     2.69     0 
7.5 
3460 4740 65 
1350 1E8 
1500 1 1450 0 
4096 0. 25. .0025 0 3.0 3 
0 7000 15 2000
3000 5000 15 500

MY
MAIL> 

Action?   

Posted: Mon, Oct 23, 1989  12:06 PM EDT              Msg: JGIJ-4073-4456
From:   SACLANT.CENTER
To:     DYER.BAGGEROER
CC:     SACLANT.CENTER
Subj:   PLEASE REPLY TO ANN ATTN. M. FERLA

 
 
    #2          20-OCT-1989 18:35:22                                     NEWMAIL 
 
From:   CLUSTR::FERLA        
To:     OMNET 
Subj:   To: DYER.BAGGEROER, ATTN. H.SCHMIDT 
 
CRUST. FREE SURF/ACOUST VSP 
V H B J O Z f T 
10 0 
10 
0    0    0       .0       0      0   0 
}i0    1500 0       .003     0      1   0 
3465 1600 0       .54?B   0      1.42 0 
3735 4300 -4830   .136     0      1.98 0 
4000 4830 -5110   .136     0      2.135 0 
4220 5110 -5670   .136     0      2.295 0 
4510 5670 -5920   .136     0      2.445 0 
4620 5920 -6160   .136     0      2.540 0 
{_4760 6160 -6430   .136     0      2.640 0 
4970 6430  0      .136     0      2.690 0 
7.5 
 
Press RETURN for more... 
 
 
MAIL>  
 
    #2          20-OCT-1989 18:35:22                                     NEWMAIL

3460 4740 13
1400 1E8
1000 1 950 0
4096 0. 25. .0025 0 3.0 3
0 7000 15 2000
3000 5000 15 500


MAIL> 


Action?   

Command?  

