WEDGE - Elastic-Elastic                                                   
K T C J                                                              
 25.0  25.0 1 0                       # FREQ_FIRST,FREQ_LAST,NFREQ,OFFDB

 28  1                                # NCUT = No. of vertical cuts
16      0.1400                         # NUML, RANGE(I)
   0.00    0.0     0.0 0.0000 0.0000 0.00 0   # LAYER  1; SECTOR NO =        1
   0.00 1500.0   400.0 0.1000 0.2000 1.00 0   #        2
  50.00 1500.0   400.0 0.1000 0.2000 1.00 0   #        3
 100.00 1500.0   400.0 0.1000 0.2000 1.00 0   #        4
 150.00 1500.0   400.0 0.1000 0.2000 1.00 0   #        5
 193.00 1500.0   400.0 0.1000 0.2000 1.00 0   #        6
 200.00 1700.0   800.0 0.5000 0.5000 1.50 0   #        7
 210.00 1700.0   800.0 0.5000 0.5000 1.50 0   #        8
 250.00 1700.0   800.0 0.5000 0.5000 1.50 0   #        9
 300.00 1700.0   800.0 0.5000 0.5000 1.50 0   #       10
 350.00 1700.0   800.0 0.5000 0.5000 1.50 0   #       11
 400.00 1700.0   800.0 0.5000 0.5000 1.50 0   #       12
 450.00 1700.0   800.0 0.5000 0.5000 1.50 0   #       13
 500.00 1700.0   800.0 0.5000 0.5000 1.50 0   #       14
 600.00 1700.0   800.0 0.5000 0.5000 1.50 0   #       15
 700.00 1700.0   800.0 0.5000 0.5000 1.50 0   #       16

16      0.1400                         # NUML, RANGE(I)
   0.00    0.0     0.0 0.0000 0.0000 0.00 0   # LAYER  1; SECTOR NO =        2
   0.00 1500.0   400.0 0.1000 0.2000 1.00 0   #        2
  50.00 1500.0   400.0 0.1000 0.2000 1.00 0   #        3
 100.00 1500.0   400.0 0.1000 0.2000 1.00 0   #        4
 150.00 1500.0   400.0 0.1000 0.2000 1.00 0   #        5
 186.00 1500.0   400.0 0.1000 0.2000 1.00 0   #        6
 193.00 1700.0   800.0 0.5000 0.5000 1.50 0   #        7
 210.00 1700.0   800.0 0.5000 0.5000 1.50 0   #        8
 250.00 1700.0   800.0 0.5000 0.5000 1.50 0   #        9
 300.00 1700.0   800.0 0.5000 0.5000 1.50 0   #       10
 350.00 1700.0   800.0 0.5000 0.5000 1.50 0   #       11
 400.00 1700.0   800.0 0.5000 0.5000 1.50 0   #       12
 450.00 1700.0   800.0 0.5000 0.5000 1.50 0   #       13
 500.00 1700.0   800.0 0.5000 0.5000 1.50 0   #       14
 600.00 1700.0   800.0 0.5000 0.5000 1.50 0   #       15
 700.00 1700.0   800.0 0.5000 0.5000 1.50 0   #       16

16      0.1400                         # NUML, RANGE(I)
   0.00    0.0     0.0 0.0000 0.0000 0.00 0   # LAYER  1; SECTOR NO =        3
   0.00 1500.0   400.0 0.1000 0.2000 1.00 0   #        2
  50.00 1500.0   400.0 0.1000 0.2000 1.00 0   #        3
 100.00 1500.0   400.0 0.1000 0.2000 1.00 0   #        4
 150.00 1500.0   400.0 0.1000 0.2000 1.00 0   #        5
 179.00 1500.0   400.0 0.1000 0.2000 1.00 0   #        6
 186.00 1700.0   800.0 0.5000 0.5000 1.50 0   #        7
 210.00 1700.0   800.0 0.5000 0.5000 1.50 0   #        8
 250.00 1700.0   800.0 0.5000 0.5000 1.50 0   #        9
 300.00 1700.0   800.0 0.5000 0.5000 1.50 0   #       10
 350.00 1700.0   800.0 0.5000 0.5000 1.50 0   #       11
 400.00 1700.0   800.0 0.5000 0.5000 1.50 0   #       12
 450.00 1700.0   800.0 0.5000 0.5000 1.50 0   #       13
 500.00 1700.0   800.0 0.5000 0.5000 1.50 0   #       14
 600.00 1700.0   800.0 0.5000 0.5000 1.50 0   #       15
 700.00 1700.0   800.0 0.5000 0.5000 1.50 0   #       16

16      0.1400                         # NUML, RANGE(I)
   0.00    0.0     0.0 0.0000 0.0000 0.00 0   # LAYER  1; SECTOR NO =        4
   0.00 1500.0   400.0 0.1000 0.2000 1.00 0   #        2
  50.00 1500.0   400.0 0.1000 0.2000 1.00 0   #        3
 100.00 1500.0   400.0 0.1000 0.2000 1.00 0   #        4
 150.00 1500.0   400.0 0.1000 0.2000 1.00 0   #        5
 172.00 1500.0   400.0 0.1000 0.2000 1.00 0   #        6
 179.00 1700.0   800.0 0.5000 0.5000 1.50 0   #        7
 210.00 1700.0   800.0 0.5000 0.5000 1.50 0   #        8
 250.00 1700.0   800.0 0.5000 0.5000 1.50 0   #        9
 300.00 1700.0   800.0 0.5000 0.5000 1.50 0   #       10
 350.00 1700.0   800.0 0.5000 0.5000 1.50 0   #       11
 400.00 1700.0   800.0 0.5000 0.5000 1.50 0   #       12
 450.00 1700.0   800.0 0.5000 0.5000 1.50 0   #       13
 500.00 1700.0   800.0 0.5000 0.5000 1.50 0   #       14
 600.00 1700.0   800.0 0.5000 0.5000 1.50 0   #       15
 700.00 1700.0   800.0 0.5000 0.5000 1.50 0   #       16

16      0.1400                         # NUML, RANGE(I)
   0.00    0.0     0.0 0.0000 0.0000 0.00 0   # LAYER  1; SECTOR NO =        5
   0.00 1500.0   400.0 0.1000 0.2000 1.00 0   #        2
  50.00 1500.0   400.0 0.1000 0.2000 1.00 0   #        3
 100.00 1500.0   400.0 0.1000 0.2000 1.00 0   #        4
 150.00 1500.0   400.0 0.1000 0.2000 1.00 0   #        5
 165.00 1500.0   400.0 0.1000 0.2000 1.00 0   #        6
 172.00 1700.0   800.0 0.5000 0.5000 1.50 0   #        7
 210.00 1700.0   800.0 0.5000 0.5000 1.50 0   #        8
 250.00 1700.0   800.0 0.5000 0.5000 1.50 0   #        9
 300.00 1700.0   800.0 0.5000 0.5000 1.50 0   #       10
 350.00 1700.0   800.0 0.5000 0.5000 1.50 0   #       11
 400.00 1700.0   800.0 0.5000 0.5000 1.50 0   #       12
 450.00 1700.0   800.0 0.5000 0.5000 1.50 0   #       13
 500.00 1700.0   800.0 0.5000 0.5000 1.50 0   #       14
 600.00 1700.0   800.0 0.5000 0.5000 1.50 0   #       15
 700.00 1700.0   800.0 0.5000 0.5000 1.50 0   #       16

16      0.1400                         # NUML, RANGE(I)
   0.00    0.0     0.0 0.0000 0.0000 0.00 0   # LAYER  1; SECTOR NO =        6
   0.00 1500.0   400.0 0.1000 0.2000 1.00 0   #        2
  50.00 1500.0   400.0 0.1000 0.2000 1.00 0   #        3
 100.00 1500.0   400.0 0.1000 0.2000 1.00 0   #        4
 150.00 1500.0   400.0 0.1000 0.2000 1.00 0   #        5
 158.00 1500.0   400.0 0.1000 0.2000 1.00 0   #        6
 165.00 1700.0   800.0 0.5000 0.5000 1.50 0   #        7
 210.00 1700.0   800.0 0.5000 0.5000 1.50 0   #        8
 250.00 1700.0   800.0 0.5000 0.5000 1.50 0   #        9
 300.00 1700.0   800.0 0.5000 0.5000 1.50 0   #       10
 350.00 1700.0   800.0 0.5000 0.5000 1.50 0   #       11
 400.00 1700.0   800.0 0.5000 0.5000 1.50 0   #       12
 450.00 1700.0   800.0 0.5000 0.5000 1.50 0   #       13
 500.00 1700.0   800.0 0.5000 0.5000 1.50 0   #       14
 600.00 1700.0   800.0 0.5000 0.5000 1.50 0   #       15
 700.00 1700.0   800.0 0.5000 0.5000 1.50 0   #       16

16      0.1400                         # NUML, RANGE(I)
   0.00    0.0     0.0 0.0000 0.0000 0.00 0   # LAYER  1; SECTOR NO =        7
   0.00 1500.0   400.0 0.1000 0.2000 1.00 0   #        2
  50.00 1500.0   400.0 0.1000 0.2000 1.00 0   #        3
 100.00 1500.0   400.0 0.1000 0.2000 1.00 0   #        4
 150.00 1500.0   400.0 0.1000 0.2000 1.00 0   #        5
 151.00 1500.0   400.0 0.1000 0.2000 1.00 0   #        6
 158.00 1700.0   800.0 0.5000 0.5000 1.50 0   #        7
 210.00 1700.0   800.0 0.5000 0.5000 1.50 0   #        8
 250.00 1700.0   800.0 0.5000 0.5000 1.50 0   #        9
 300.00 1700.0   800.0 0.5000 0.5000 1.50 0   #       10
 350.00 1700.0   800.0 0.5000 0.5000 1.50 0   #       11
 400.00 1700.0   800.0 0.5000 0.5000 1.50 0   #       12
 450.00 1700.0   800.0 0.5000 0.5000 1.50 0   #       13
 500.00 1700.0   800.0 0.5000 0.5000 1.50 0   #       14
 600.00 1700.0   800.0 0.5000 0.5000 1.50 0   #       15
 700.00 1700.0   800.0 0.5000 0.5000 1.50 0   #       16

16      0.1400                         # NUML, RANGE(I)
   0.00    0.0     0.0 0.0000 0.0000 0.00 0   # LAYER  1; SECTOR NO =        8
   0.00 1500.0   400.0 0.1000 0.2000 1.00 0   #        2
  50.00 1500.0   400.0 0.1000 0.2000 1.00 0   #        3
 100.00 1500.0   400.0 0.1000 0.2000 1.00 0   #        4
 144.00 1500.0   400.0 0.1000 0.2000 1.00 0   #        5
 150.00 1500.0   400.0 0.1000 0.2000 1.00 0   #        6
 151.00 1700.0   800.0 0.5000 0.5000 1.50 0   #        7
 210.00 1700.0   800.0 0.5000 0.5000 1.50 0   #        8
 250.00 1700.0   800.0 0.5000 0.5000 1.50 0   #        9
 300.00 1700.0   800.0 0.5000 0.5000 1.50 0   #       10
 350.00 1700.0   800.0 0.5000 0.5000 1.50 0   #       11
 400.00 1700.0   800.0 0.5000 0.5000 1.50 0   #       12
 450.00 1700.0   800.0 0.5000 0.5000 1.50 0   #       13
 500.00 1700.0   800.0 0.5000 0.5000 1.50 0   #       14
 600.00 1700.0   800.0 0.5000 0.5000 1.50 0   #       15
 700.00 1700.0   800.0 0.5000 0.5000 1.50 0   #       16

16      0.1400                         # NUML, RANGE(I)
   0.00    0.0     0.0 0.0000 0.0000 0.00 0   # LAYER  1; SECTOR NO =        9
   0.00 1500.0   400.0 0.1000 0.2000 1.00 0   #        2
  50.00 1500.0   400.0 0.1000 0.2000 1.00 0   #        3
 100.00 1500.0   400.0 0.1000 0.2000 1.00 0   #        4
 137.00 1500.0   400.0 0.1000 0.2000 1.00 0   #        5
 144.00 1700.0   800.0 0.5000 0.5000 1.50 0   #        6
 150.00 1700.0   800.0 0.5000 0.5000 1.50 0   #        7
 210.00 1700.0   800.0 0.5000 0.5000 1.50 0   #        8
 250.00 1700.0   800.0 0.5000 0.5000 1.50 0   #        9
 300.00 1700.0   800.0 0.5000 0.5000 1.50 0   #       10
 350.00 1700.0   800.0 0.5000 0.5000 1.50 0   #       11
 400.00 1700.0   800.0 0.5000 0.5000 1.50 0   #       12
 450.00 1700.0   800.0 0.5000 0.5000 1.50 0   #       13
 500.00 1700.0   800.0 0.5000 0.5000 1.50 0   #       14
 600.00 1700.0   800.0 0.5000 0.5000 1.50 0   #       15
 700.00 1700.0   800.0 0.5000 0.5000 1.50 0   #       16

16      0.1400                         # NUML, RANGE(I)
   0.00    0.0     0.0 0.0000 0.0000 0.00 0   # LAYER  1; SECTOR NO =       10
   0.00 1500.0   400.0 0.1000 0.2000 1.00 0   #        2
  50.00 1500.0   400.0 0.1000 0.2000 1.00 0   #        3
 100.00 1500.0   400.0 0.1000 0.2000 1.00 0   #        4
 130.00 1500.0   400.0 0.1000 0.2000 1.00 0   #        5
 137.00 1700.0   800.0 0.5000 0.5000 1.50 0   #        6
 150.00 1700.0   800.0 0.5000 0.5000 1.50 0   #        7
 210.00 1700.0   800.0 0.5000 0.5000 1.50 0   #        8
 250.00 1700.0   800.0 0.5000 0.5000 1.50 0   #        9
 300.00 1700.0   800.0 0.5000 0.5000 1.50 0   #       10
 350.00 1700.0   800.0 0.5000 0.5000 1.50 0   #       11
 400.00 1700.0   800.0 0.5000 0.5000 1.50 0   #       12
 450.00 1700.0   800.0 0.5000 0.5000 1.50 0   #       13
 500.00 1700.0   800.0 0.5000 0.5000 1.50 0   #       14
 600.00 1700.0   800.0 0.5000 0.5000 1.50 0   #       15
 700.00 1700.0   800.0 0.5000 0.5000 1.50 0   #       16

16      0.1400                         # NUML, RANGE(I)
   0.00    0.0     0.0 0.0000 0.0000 0.00 0   # LAYER  1; SECTOR NO =       11
   0.00 1500.0   400.0 0.1000 0.2000 1.00 0   #        2
  50.00 1500.0   400.0 0.1000 0.2000 1.00 0   #        3
 100.00 1500.0   400.0 0.1000 0.2000 1.00 0   #        4
 123.00 1500.0   400.0 0.1000 0.2000 1.00 0   #        5
 130.00 1700.0   800.0 0.5000 0.5000 1.50 0   #        6
 150.00 1700.0   800.0 0.5000 0.5000 1.50 0   #        7
 210.00 1700.0   800.0 0.5000 0.5000 1.50 0   #        8
 250.00 1700.0   800.0 0.5000 0.5000 1.50 0   #        9
 300.00 1700.0   800.0 0.5000 0.5000 1.50 0   #       10
 350.00 1700.0   800.0 0.5000 0.5000 1.50 0   #       11
 400.00 1700.0   800.0 0.5000 0.5000 1.50 0   #       12
 450.00 1700.0   800.0 0.5000 0.5000 1.50 0   #       13
 500.00 1700.0   800.0 0.5000 0.5000 1.50 0   #       14
 600.00 1700.0   800.0 0.5000 0.5000 1.50 0   #       15
 700.00 1700.0   800.0 0.5000 0.5000 1.50 0   #       16

16      0.1400                         # NUML, RANGE(I)
   0.00    0.0     0.0 0.0000 0.0000 0.00 0   # LAYER  1; SECTOR NO =       12
   0.00 1500.0   400.0 0.1000 0.2000 1.00 0   #        2
  50.00 1500.0   400.0 0.1000 0.2000 1.00 0   #        3
 100.00 1500.0   400.0 0.1000 0.2000 1.00 0   #        4
 116.00 1500.0   400.0 0.1000 0.2000 1.00 0   #        5
 123.00 1700.0   800.0 0.5000 0.5000 1.50 0   #        6
 150.00 1700.0   800.0 0.5000 0.5000 1.50 0   #        7
 210.00 1700.0   800.0 0.5000 0.5000 1.50 0   #        8
 250.00 1700.0   800.0 0.5000 0.5000 1.50 0   #        9
 300.00 1700.0   800.0 0.5000 0.5000 1.50 0   #       10
 350.00 1700.0   800.0 0.5000 0.5000 1.50 0   #       11
 400.00 1700.0   800.0 0.5000 0.5000 1.50 0   #       12
 450.00 1700.0   800.0 0.5000 0.5000 1.50 0   #       13
 500.00 1700.0   800.0 0.5000 0.5000 1.50 0   #       14
 600.00 1700.0   800.0 0.5000 0.5000 1.50 0   #       15
 700.00 1700.0   800.0 0.5000 0.5000 1.50 0   #       16

16      0.1400                         # NUML, RANGE(I)
   0.00    0.0     0.0 0.0000 0.0000 0.00 0   # LAYER  1; SECTOR NO =       13
   0.00 1500.0   400.0 0.1000 0.2000 1.00 0   #        2
  50.00 1500.0   400.0 0.1000 0.2000 1.00 0   #        3
 100.00 1500.0   400.0 0.1000 0.2000 1.00 0   #        4
 109.00 1500.0   400.0 0.1000 0.2000 1.00 0   #        5
 116.00 1700.0   800.0 0.5000 0.5000 1.50 0   #        6
 150.00 1700.0   800.0 0.5000 0.5000 1.50 0   #        7
 210.00 1700.0   800.0 0.5000 0.5000 1.50 0   #        8
 250.00 1700.0   800.0 0.5000 0.5000 1.50 0   #        9
 300.00 1700.0   800.0 0.5000 0.5000 1.50 0   #       10
 350.00 1700.0   800.0 0.5000 0.5000 1.50 0   #       11
 400.00 1700.0   800.0 0.5000 0.5000 1.50 0   #       12
 450.00 1700.0   800.0 0.5000 0.5000 1.50 0   #       13
 500.00 1700.0   800.0 0.5000 0.5000 1.50 0   #       14
 600.00 1700.0   800.0 0.5000 0.5000 1.50 0   #       15
 700.00 1700.0   800.0 0.5000 0.5000 1.50 0   #       16

16      0.1400                         # NUML, RANGE(I)
   0.00    0.0     0.0 0.0000 0.0000 0.00 0   # LAYER  1; SECTOR NO =       14
   0.00 1500.0   400.0 0.1000 0.2000 1.00 0   #        2
  50.00 1500.0   400.0 0.1000 0.2000 1.00 0   #        3
 100.00 1500.0   400.0 0.1000 0.2000 1.00 0   #        4
 102.00 1500.0   400.0 0.1000 0.2000 1.00 0   #        5
 109.00 1700.0   800.0 0.5000 0.5000 1.50 0   #        6
 150.00 1700.0   800.0 0.5000 0.5000 1.50 0   #        7
 210.00 1700.0   800.0 0.5000 0.5000 1.50 0   #        8
 250.00 1700.0   800.0 0.5000 0.5000 1.50 0   #        9
 300.00 1700.0   800.0 0.5000 0.5000 1.50 0   #       10
 350.00 1700.0   800.0 0.5000 0.5000 1.50 0   #       11
 400.00 1700.0   800.0 0.5000 0.5000 1.50 0   #       12
 450.00 1700.0   800.0 0.5000 0.5000 1.50 0   #       13
 500.00 1700.0   800.0 0.5000 0.5000 1.50 0   #       14
 600.00 1700.0   800.0 0.5000 0.5000 1.50 0   #       15
 700.00 1700.0   800.0 0.5000 0.5000 1.50 0   #       16

16      0.1400                         # NUML, RANGE(I)
   0.00    0.0     0.0 0.0000 0.0000 0.00 0   # LAYER  1; SECTOR NO =       15
   0.00 1500.0   400.0 0.1000 0.2000 1.00 0   #        2
  50.00 1500.0   400.0 0.1000 0.2000 1.00 0   #        3
  95.00 1500.0   400.0 0.1000 0.2000 1.00 0   #        4
 100.00 1500.0   400.0 0.1000 0.2000 1.00 0   #        5
 102.00 1700.0   800.0 0.5000 0.5000 1.50 0   #        6
 150.00 1700.0   800.0 0.5000 0.5000 1.50 0   #        7
 210.00 1700.0   800.0 0.5000 0.5000 1.50 0   #        8
 250.00 1700.0   800.0 0.5000 0.5000 1.50 0   #        9
 300.00 1700.0   800.0 0.5000 0.5000 1.50 0   #       10
 350.00 1700.0   800.0 0.5000 0.5000 1.50 0   #       11
 400.00 1700.0   800.0 0.5000 0.5000 1.50 0   #       12
 450.00 1700.0   800.0 0.5000 0.5000 1.50 0   #       13
 500.00 1700.0   800.0 0.5000 0.5000 1.50 0   #       14
 600.00 1700.0   800.0 0.5000 0.5000 1.50 0   #       15
 700.00 1700.0   800.0 0.5000 0.5000 1.50 0   #       16

16      0.1400                         # NUML, RANGE(I)
   0.00    0.0     0.0 0.0000 0.0000 0.00 0   # LAYER  1; SECTOR NO =       16
   0.00 1500.0   400.0 0.1000 0.2000 1.00 0   #        2
  50.00 1500.0   400.0 0.1000 0.2000 1.00 0   #        3
  88.00 1500.0   400.0 0.1000 0.2000 1.00 0   #        4
  95.00 1700.0   800.0 0.5000 0.5000 1.50 0   #        5
 100.00 1700.0   800.0 0.5000 0.5000 1.50 0   #        6
 150.00 1700.0   800.0 0.5000 0.5000 1.50 0   #        7
 210.00 1700.0   800.0 0.5000 0.5000 1.50 0   #        8
 250.00 1700.0   800.0 0.5000 0.5000 1.50 0   #        9
 300.00 1700.0   800.0 0.5000 0.5000 1.50 0   #       10
 350.00 1700.0   800.0 0.5000 0.5000 1.50 0   #       11
 400.00 1700.0   800.0 0.5000 0.5000 1.50 0   #       12
 450.00 1700.0   800.0 0.5000 0.5000 1.50 0   #       13
 500.00 1700.0   800.0 0.5000 0.5000 1.50 0   #       14
 600.00 1700.0   800.0 0.5000 0.5000 1.50 0   #       15
 700.00 1700.0   800.0 0.5000 0.5000 1.50 0   #       16

16      0.1400                         # NUML, RANGE(I)
   0.00    0.0     0.0 0.0000 0.0000 0.00 0   # LAYER  1; SECTOR NO =       17
   0.00 1500.0   400.0 0.1000 0.2000 1.00 0   #        2
  50.00 1500.0   400.0 0.1000 0.2000 1.00 0   #        3
  81.00 1500.0   400.0 0.1000 0.2000 1.00 0   #        4
  88.00 1700.0   800.0 0.5000 0.5000 1.50 0   #        5
 100.00 1700.0   800.0 0.5000 0.5000 1.50 0   #        6
 150.00 1700.0   800.0 0.5000 0.5000 1.50 0   #        7
 210.00 1700.0   800.0 0.5000 0.5000 1.50 0   #        8
 250.00 1700.0   800.0 0.5000 0.5000 1.50 0   #        9
 300.00 1700.0   800.0 0.5000 0.5000 1.50 0   #       10
 350.00 1700.0   800.0 0.5000 0.5000 1.50 0   #       11
 400.00 1700.0   800.0 0.5000 0.5000 1.50 0   #       12
 450.00 1700.0   800.0 0.5000 0.5000 1.50 0   #       13
 500.00 1700.0   800.0 0.5000 0.5000 1.50 0   #       14
 600.00 1700.0   800.0 0.5000 0.5000 1.50 0   #       15
 700.00 1700.0   800.0 0.5000 0.5000 1.50 0   #       16

16      0.1400                         # NUML, RANGE(I)
   0.00    0.0     0.0 0.0000 0.0000 0.00 0   # LAYER  1; SECTOR NO =       18
   0.00 1500.0   400.0 0.1000 0.2000 1.00 0   #        2
  50.00 1500.0   400.0 0.1000 0.2000 1.00 0   #        3
  74.00 1500.0   400.0 0.1000 0.2000 1.00 0   #        4
  81.00 1700.0   800.0 0.5000 0.5000 1.50 0   #        5
 100.00 1700.0   800.0 0.5000 0.5000 1.50 0   #        6
 150.00 1700.0   800.0 0.5000 0.5000 1.50 0   #        7
 210.00 1700.0   800.0 0.5000 0.5000 1.50 0   #        8
 250.00 1700.0   800.0 0.5000 0.5000 1.50 0   #        9
 300.00 1700.0   800.0 0.5000 0.5000 1.50 0   #       10
 350.00 1700.0   800.0 0.5000 0.5000 1.50 0   #       11
 400.00 1700.0   800.0 0.5000 0.5000 1.50 0   #       12
 450.00 1700.0   800.0 0.5000 0.5000 1.50 0   #       13
 500.00 1700.0   800.0 0.5000 0.5000 1.50 0   #       14
 600.00 1700.0   800.0 0.5000 0.5000 1.50 0   #       15
 700.00 1700.0   800.0 0.5000 0.5000 1.50 0   #       16

16      0.1400                         # NUML, RANGE(I)
   0.00    0.0     0.0 0.0000 0.0000 0.00 0   # LAYER  1; SECTOR NO =       19
   0.00 1500.0   400.0 0.1000 0.2000 1.00 0   #        2
  50.00 1500.0   400.0 0.1000 0.2000 1.00 0   #        3
  67.00 1500.0   400.0 0.1000 0.2000 1.00 0   #        4
  74.00 1700.0   800.0 0.5000 0.5000 1.50 0   #        5
 100.00 1700.0   800.0 0.5000 0.5000 1.50 0   #        6
 150.00 1700.0   800.0 0.5000 0.5000 1.50 0   #        7
 210.00 1700.0   800.0 0.5000 0.5000 1.50 0   #        8
 250.00 1700.0   800.0 0.5000 0.5000 1.50 0   #        9
 300.00 1700.0   800.0 0.5000 0.5000 1.50 0   #       10
 350.00 1700.0   800.0 0.5000 0.5000 1.50 0   #       11
 400.00 1700.0   800.0 0.5000 0.5000 1.50 0   #       12
 450.00 1700.0   800.0 0.5000 0.5000 1.50 0   #       13
 500.00 1700.0   800.0 0.5000 0.5000 1.50 0   #       14
 600.00 1700.0   800.0 0.5000 0.5000 1.50 0   #       15
 700.00 1700.0   800.0 0.5000 0.5000 1.50 0   #       16

16      0.1400                         # NUML, RANGE(I)
   0.00    0.0     0.0 0.0000 0.0000 0.00 0   # LAYER  1; SECTOR NO =       20
   0.00 1500.0   400.0 0.1000 0.2000 1.00 0   #        2
  50.00 1500.0   400.0 0.1000 0.2000 1.00 0   #        3
  60.00 1500.0   400.0 0.1000 0.2000 1.00 0   #        4
  67.00 1700.0   800.0 0.5000 0.5000 1.50 0   #        5
 100.00 1700.0   800.0 0.5000 0.5000 1.50 0   #        6
 150.00 1700.0   800.0 0.5000 0.5000 1.50 0   #        7
 210.00 1700.0   800.0 0.5000 0.5000 1.50 0   #        8
 250.00 1700.0   800.0 0.5000 0.5000 1.50 0   #        9
 300.00 1700.0   800.0 0.5000 0.5000 1.50 0   #       10
 350.00 1700.0   800.0 0.5000 0.5000 1.50 0   #       11
 400.00 1700.0   800.0 0.5000 0.5000 1.50 0   #       12
 450.00 1700.0   800.0 0.5000 0.5000 1.50 0   #       13
 500.00 1700.0   800.0 0.5000 0.5000 1.50 0   #       14
 600.00 1700.0   800.0 0.5000 0.5000 1.50 0   #       15
 700.00 1700.0   800.0 0.5000 0.5000 1.50 0   #       16

16      0.1400                         # NUML, RANGE(I)
   0.00    0.0     0.0 0.0000 0.0000 0.00 0   # LAYER  1; SECTOR NO =       21
   0.00 1500.0   400.0 0.1000 0.2000 1.00 0   #        2
  50.00 1500.0   400.0 0.1000 0.2000 1.00 0   #        3
  53.00 1500.0   400.0 0.1000 0.2000 1.00 0   #        4
  60.00 1700.0   800.0 0.5000 0.5000 1.50 0   #        5
 100.00 1700.0   800.0 0.5000 0.5000 1.50 0   #        6
 150.00 1700.0   800.0 0.5000 0.5000 1.50 0   #        7
 210.00 1700.0   800.0 0.5000 0.5000 1.50 0   #        8
 250.00 1700.0   800.0 0.5000 0.5000 1.50 0   #        9
 300.00 1700.0   800.0 0.5000 0.5000 1.50 0   #       10
 350.00 1700.0   800.0 0.5000 0.5000 1.50 0   #       11
 400.00 1700.0   800.0 0.5000 0.5000 1.50 0   #       12
 450.00 1700.0   800.0 0.5000 0.5000 1.50 0   #       13
 500.00 1700.0   800.0 0.5000 0.5000 1.50 0   #       14
 600.00 1700.0   800.0 0.5000 0.5000 1.50 0   #       15
 700.00 1700.0   800.0 0.5000 0.5000 1.50 0   #       16

16      0.1400                         # NUML, RANGE(I)
   0.00    0.0     0.0 0.0000 0.0000 0.00 0   # LAYER  1; SECTOR NO =       22
   0.00 1500.0   400.0 0.1000 0.2000 1.00 0   #        2
  46.00 1500.0   400.0 0.1000 0.2000 1.00 0   #        3
  50.00 1500.0   400.0 0.1000 0.2000 1.00 0   #        4
  53.00 1700.0   800.0 0.5000 0.5000 1.50 0   #        5
 100.00 1700.0   800.0 0.5000 0.5000 1.50 0   #        6
 150.00 1700.0   800.0 0.5000 0.5000 1.50 0   #        7
 210.00 1700.0   800.0 0.5000 0.5000 1.50 0   #        8
 250.00 1700.0   800.0 0.5000 0.5000 1.50 0   #        9
 300.00 1700.0   800.0 0.5000 0.5000 1.50 0   #       10
 350.00 1700.0   800.0 0.5000 0.5000 1.50 0   #       11
 400.00 1700.0   800.0 0.5000 0.5000 1.50 0   #       12
 450.00 1700.0   800.0 0.5000 0.5000 1.50 0   #       13
 500.00 1700.0   800.0 0.5000 0.5000 1.50 0   #       14
 600.00 1700.0   800.0 0.5000 0.5000 1.50 0   #       15
 700.00 1700.0   800.0 0.5000 0.5000 1.50 0   #       16

16      0.1400                         # NUML, RANGE(I)
   0.00    0.0     0.0 0.0000 0.0000 0.00 0   # LAYER  1; SECTOR NO =       23
   0.00 1500.0   400.0 0.1000 0.2000 1.00 0   #        2
  39.00 1500.0   400.0 0.1000 0.2000 1.00 0   #        3
  46.00 1700.0   800.0 0.5000 0.5000 1.50 0   #        4
  50.00 1700.0   800.0 0.5000 0.5000 1.50 0   #        5
 100.00 1700.0   800.0 0.5000 0.5000 1.50 0   #        6
 150.00 1700.0   800.0 0.5000 0.5000 1.50 0   #        7
 210.00 1700.0   800.0 0.5000 0.5000 1.50 0   #        8
 250.00 1700.0   800.0 0.5000 0.5000 1.50 0   #        9
 300.00 1700.0   800.0 0.5000 0.5000 1.50 0   #       10
 350.00 1700.0   800.0 0.5000 0.5000 1.50 0   #       11
 400.00 1700.0   800.0 0.5000 0.5000 1.50 0   #       12
 450.00 1700.0   800.0 0.5000 0.5000 1.50 0   #       13
 500.00 1700.0   800.0 0.5000 0.5000 1.50 0   #       14
 600.00 1700.0   800.0 0.5000 0.5000 1.50 0   #       15
 700.00 1700.0   800.0 0.5000 0.5000 1.50 0   #       16

16      0.1400                         # NUML, RANGE(I)
   0.00    0.0     0.0 0.0000 0.0000 0.00 0   # LAYER  1; SECTOR NO =       24
   0.00 1500.0   400.0 0.1000 0.2000 1.00 0   #        2
  32.00 1500.0   400.0 0.1000 0.2000 1.00 0   #        3
  39.00 1700.0   800.0 0.5000 0.5000 1.50 0   #        4
  50.00 1700.0   800.0 0.5000 0.5000 1.50 0   #        5
 100.00 1700.0   800.0 0.5000 0.5000 1.50 0   #        6
 150.00 1700.0   800.0 0.5000 0.5000 1.50 0   #        7
 210.00 1700.0   800.0 0.5000 0.5000 1.50 0   #        8
 250.00 1700.0   800.0 0.5000 0.5000 1.50 0   #        9
 300.00 1700.0   800.0 0.5000 0.5000 1.50 0   #       10
 350.00 1700.0   800.0 0.5000 0.5000 1.50 0   #       11
 400.00 1700.0   800.0 0.5000 0.5000 1.50 0   #       12
 450.00 1700.0   800.0 0.5000 0.5000 1.50 0   #       13
 500.00 1700.0   800.0 0.5000 0.5000 1.50 0   #       14
 600.00 1700.0   800.0 0.5000 0.5000 1.50 0   #       15
 700.00 1700.0   800.0 0.5000 0.5000 1.50 0   #       16

16      0.1400                         # NUML, RANGE(I)
   0.00    0.0     0.0 0.0000 0.0000 0.00 0   # LAYER  1; SECTOR NO =       25
   0.00 1500.0   400.0 0.1000 0.2000 1.00 0   #        2
  25.00 1500.0   400.0 0.1000 0.2000 1.00 0   #        3
  32.00 1700.0   800.0 0.5000 0.5000 1.50 0   #        4
  50.00 1700.0   800.0 0.5000 0.5000 1.50 0   #        5
 100.00 1700.0   800.0 0.5000 0.5000 1.50 0   #        6
 150.00 1700.0   800.0 0.5000 0.5000 1.50 0   #        7
 210.00 1700.0   800.0 0.5000 0.5000 1.50 0   #        8
 250.00 1700.0   800.0 0.5000 0.5000 1.50 0   #        9
 300.00 1700.0   800.0 0.5000 0.5000 1.50 0   #       10
 350.00 1700.0   800.0 0.5000 0.5000 1.50 0   #       11
 400.00 1700.0   800.0 0.5000 0.5000 1.50 0   #       12
 450.00 1700.0   800.0 0.5000 0.5000 1.50 0   #       13
 500.00 1700.0   800.0 0.5000 0.5000 1.50 0   #       14
 600.00 1700.0   800.0 0.5000 0.5000 1.50 0   #       15
 700.00 1700.0   800.0 0.5000 0.5000 1.50 0   #       16

16      0.1400                         # NUML, RANGE(I)
   0.00    0.0     0.0 0.0000 0.0000 0.00 0   # LAYER  1; SECTOR NO =       26
   0.00 1500.0   400.0 0.1000 0.2000 1.00 0   #        2
  18.00 1500.0   400.0 0.1000 0.2000 1.00 0   #        3
  25.00 1700.0   800.0 0.5000 0.5000 1.50 0   #        4
  50.00 1700.0   800.0 0.5000 0.5000 1.50 0   #        5
 100.00 1700.0   800.0 0.5000 0.5000 1.50 0   #        6
 150.00 1700.0   800.0 0.5000 0.5000 1.50 0   #        7
 210.00 1700.0   800.0 0.5000 0.5000 1.50 0   #        8
 250.00 1700.0   800.0 0.5000 0.5000 1.50 0   #        9
 300.00 1700.0   800.0 0.5000 0.5000 1.50 0   #       10
 350.00 1700.0   800.0 0.5000 0.5000 1.50 0   #       11
 400.00 1700.0   800.0 0.5000 0.5000 1.50 0   #       12
 450.00 1700.0   800.0 0.5000 0.5000 1.50 0   #       13
 500.00 1700.0   800.0 0.5000 0.5000 1.50 0   #       14
 600.00 1700.0   800.0 0.5000 0.5000 1.50 0   #       15
 700.00 1700.0   800.0 0.5000 0.5000 1.50 0   #       16

16      0.1400                         # NUML, RANGE(I)
   0.00    0.0     0.0 0.0000 0.0000 0.00 0   # LAYER  1; SECTOR NO =       27
   0.00 1500.0   400.0 0.1000 0.2000 1.00 0   #        2
  11.00 1500.0   400.0 0.1000 0.2000 1.00 0   #        3
  18.00 1700.0   800.0 0.5000 0.5000 1.50 0   #        4
  50.00 1700.0   800.0 0.5000 0.5000 1.50 0   #        5
 100.00 1700.0   800.0 0.5000 0.5000 1.50 0   #        6
 150.00 1700.0   800.0 0.5000 0.5000 1.50 0   #        7
 210.00 1700.0   800.0 0.5000 0.5000 1.50 0   #        8
 250.00 1700.0   800.0 0.5000 0.5000 1.50 0   #        9
 300.00 1700.0   800.0 0.5000 0.5000 1.50 0   #       10
 350.00 1700.0   800.0 0.5000 0.5000 1.50 0   #       11
 400.00 1700.0   800.0 0.5000 0.5000 1.50 0   #       12
 450.00 1700.0   800.0 0.5000 0.5000 1.50 0   #       13
 500.00 1700.0   800.0 0.5000 0.5000 1.50 0   #       14
 600.00 1700.0   800.0 0.5000 0.5000 1.50 0   #       15
 700.00 1700.0   800.0 0.5000 0.5000 1.50 0   #       16

16      0.0000                         # NUML, RANGE(I)
   0.00    0.0     0.0 0.0000 0.0000 0.00 0   # LAYER  1; SECTOR NO =       28
   0.00 1500.0   400.0 0.1000 0.2000 1.00 0   #        2
   4.00 1500.0   400.0 0.1000 0.2000 1.00 0   #        3
  11.00 1700.0   800.0 0.5000 0.5000 1.50 0   #        4
  50.00 1700.0   800.0 0.5000 0.5000 1.50 0   #        5
 100.00 1700.0   800.0 0.5000 0.5000 1.50 0   #        6
 150.00 1700.0   800.0 0.5000 0.5000 1.50 0   #        7
 210.00 1700.0   800.0 0.5000 0.5000 1.50 0   #        8
 250.00 1700.0   800.0 0.5000 0.5000 1.50 0   #        9
 300.00 1700.0   800.0 0.5000 0.5000 1.50 0   #       10
 350.00 1700.0   800.0 0.5000 0.5000 1.50 0   #       11
 400.00 1700.0   800.0 0.5000 0.5000 1.50 0   #       12
 450.00 1700.0   800.0 0.5000 0.5000 1.50 0   #       13
 500.00 1700.0   800.0 0.5000 0.5000 1.50 0   #       14
 600.00 1700.0   800.0 0.5000 0.5000 1.50 0   #       15
 700.00 1700.0   800.0 0.5000 0.5000 1.50 0   #       16

100.                                    # SOURCE DEPTH
0.01 300. 100 1                         # receiver array depths       
30.0  150.0  2                          # RECEIVER DEPTH
400 -400                                # CMIN CMAX
-1 1 1                                  # NWVNO ICUT1 ICUT2
0.0 4.0 15. 0.5                         # XLEFT XRIGHT XAXIS XINC
30 100 9 10
0 300 12 50                            # depth axis                  
30 100 5                                # Contour levels              

