FRAM IV. Deep source. mm
 N J 3 
20 20 1 0
12
0 0 0 0 0 0 0
0 1431 -1443 0 0 1 0
85 1443 -1460 0 0 1 0
200 1460 -1462 0 0 1 0
330 1462 -1466 0 0 1 0
1225 1466 -1509 0 0 1 0
3800 1509 0 1.0 0 2.2 0
4200 1509 -2506 0.5 0 2.9 0
4433 2506 -3503 0.5 0 2.9 0
4667 3503 -4500 0.5 0 2.9 0
4900 4500 -6000 0.4 0 2.9 0
5900 6000 0 0.2 0 2.9 0

18
30 0 0 1 -1
60 0 0 1 -1
90 0 0 1 -1
140 0 0 1 -1
180 0 0 1 -7
210 0 0 1 -7
270 0 0 1 -1
330 0 0 1 -1
350 0 0 1 -1
390 0 0 1 -1
450 0 0 1 -1
510 0 0 1 -1
570 0 0 1 -1
630 0 0 1 -1
690 0 0 1 -1
782 0 0 1 -1
860 0 0 1 -1
960 0 0 1 -1

70 50 0 1

1400 1E8
400 400 100

910 250 0 180

1425 1570
512 25 490


10 1000 23
150 300 76
0 0 1

1425 1570
512 25 490

